80466871
95649683
96545094
72617868
80655991
56739749
84914982
93827263
99545860
47564588
78915247
84985574
46956397
89686059
85939464
94706346
61919857
69705260
78715763
89685090
76629169
86559398
87509676
71476253
88607898
87785993
52789065
92508096
59805468
82937845
54529277
89494596
56599747
52885988
47766668
77976450
60476696
85709495
87498885
95828746
56987955
82766096
74979579
75465580
95706389
46784656
92826866
46855464
52854873
82674850
55775390
64785098
64847767
88758052
67796174
67546177
96555859
97477349
69816077
54724547
50556184
89887290
78459447
51865898
71749687
63667064
58708587
85507874
70877374
54745978
71985893
82936470
89948367
64945363
64739652
85459498
65907162
70898693
60866285
54989558
78728897
45579196
51459545
74616550
90647250
46947261
73929198
51627598
56836757
46615946
52775160
63544647
81839082
50579176
58725276
68988152
99865662
66495859
98699073
60957263
81488095
79749445
89527064
62575472
61719280
67684795
86809950
73769776
69736082
78536298
66815795
72908076
67877874
66646664
88708472
51998673
61568746
84469389
81467060
84869693
73477660
66844577
91527079
95458153
87764853
70507388
86718346
68867249
78599092
93529472
67589178
87797253
69999693
88979992
76626083
55528745
84819868
72995649
91509079
98458692
77787284
90849573
97884986
48924555
97697998
90965567
78826082
92819558
98958972
61976284
49887192
58859569
98689851
99697569
